epoch 	 norm_x_xexact 	 function_gap 	 time_since_begin(without testing)
0	0.7055656313896179	0.8442903757095337	0.00017905235290527344
1	0.505158543586731	0.4686220586299896	1.9647533893585205
2	0.4019319713115692	0.3307422399520874	3.9199233055114746
3	0.3296439051628113	0.2552376091480255	5.884305000305176
4	0.2732868194580078	0.20366279780864716	7.838733673095703
5	0.2272115796804428	0.16723379492759705	9.817401647567749
6	0.18907640874385834	0.14102566242218018	11.76810097694397
7	0.15665116906166077	0.11973174661397934	13.734285116195679
8	0.12866443395614624	0.10246957838535309	15.715108633041382
9	0.10613763332366943	0.09195077419281006	17.673414945602417
10	0.08758746832609177	0.08118868619203568	19.634377241134644
11	0.07228082418441772	0.072789765894413	21.60449719429016
12	0.06079411134123802	0.06707456707954407	23.562622547149658
13	0.0527791827917099	0.06191131845116615	25.51669931411743
14	0.047072235494852066	0.05876803398132324	27.478726625442505
15	0.04315720126032829	0.05582590773701668	29.445821046829224
16	0.04024922102689743	0.05394290015101433	31.399568796157837
17	0.038238804787397385	0.05186782404780388	33.36693716049194
18	0.03688852861523628	0.05023404210805893	35.333418130874634
19	0.035652581602334976	0.04906569421291351	37.29985570907593
20	0.03452208265662193	0.04794663190841675	39.26915645599365
21	0.03372281789779663	0.046747904270887375	41.22876977920532
22	0.0325312577188015	0.045391011983156204	43.19481158256531
23	0.03171131759881973	0.04418950527906418	45.15724730491638
24	0.031403835862874985	0.043754078447818756	47.1272029876709
25	0.029114075005054474	0.04074918478727341	49.08739185333252
26	0.02652515284717083	0.037043772637844086	51.063520669937134
27	0.024376429617404938	0.03400079160928726	53.02327036857605
28	0.022129913792014122	0.03078487515449524	54.98828387260437
29	0.020673399791121483	0.028678642585873604	56.94098496437073
30	0.019221283495426178	0.026663392782211304	58.91268467903137
31	0.018199969083070755	0.025104092434048653	60.868178606033325
32	0.017065148800611496	0.023683791980147362	62.83009743690491
33	0.01617325283586979	0.022652268409729004	64.79469275474548
34	0.015295167453587055	0.021239565685391426	66.75133061408997
35	0.014622395858168602	0.020566200837492943	68.70770907402039
36	0.013871419243514538	0.019552595913410187	70.67653250694275
37	0.013278504833579063	0.018626144155859947	72.63553595542908
38	0.012673463672399521	0.01776495762169361	74.588951587677
39	0.01219265442341566	0.017022719606757164	76.55277466773987
40	0.011798723600804806	0.016300521790981293	78.51362156867981
41	0.011492343619465828	0.016079658642411232	80.47985982894897
42	0.010995876044034958	0.015483890660107136	82.44075226783752
43	0.010467560961842537	0.014596846885979176	84.39943408966064
44	0.010240844450891018	0.014308244921267033	86.36288952827454
45	0.009977242909371853	0.013923952355980873	88.32098031044006
46	0.009753629565238953	0.013640124350786209	90.27938342094421
47	0.00937474612146616	0.013063826598227024	92.24838018417358
48	0.009163778275251389	0.012714105658233166	94.21460890769958
49	0.0089869424700737	0.012572716921567917	96.17360067367554
50	0.008668308146297932	0.01210816390812397	98.1349265575409
51	0.00852480810135603	0.011923851445317268	100.09573674201965
52	0.008298470638692379	0.011581119149923325	102.05397248268127
53	0.008027173578739166	0.011097323149442673	104.01222085952759
54	0.007986043579876423	0.011203382164239883	105.96789574623108
55	0.007740200497210026	0.010746598243713379	107.92929458618164
56	0.00765199214220047	0.010720399208366871	109.88548755645752
57	0.007433548104017973	0.01039399765431881	111.83547616004944
58	0.007337919902056456	0.010315321385860443	113.80742764472961
59	0.007085863500833511	0.009852798655629158	115.77004408836365
60	0.006968811620026827	0.009804497472941875	117.7275083065033
61	0.00682132039219141	0.009519040584564209	119.68896222114563
62	0.006790376268327236	0.00952134095132351	121.64713931083679
63	0.006613753270357847	0.009227516129612923	123.60281300544739
64	0.006513236090540886	0.009083089418709278	125.56997847557068
65	0.006395544391125441	0.00896431040018797	127.52876949310303
66	0.006308319047093391	0.008849009871482849	129.48779463768005
67	0.006133300717920065	0.008565904572606087	131.45020413398743
68	0.006085345521569252	0.008563874289393425	133.4029302597046
69	0.0059687187895178795	0.008300387300550938	135.37380242347717
70	0.005928386468440294	0.008265470154583454	137.33393025398254
71	0.005785062443464994	0.00810783077031374	139.29243087768555
72	0.005704749841243029	0.007957328110933304	141.252601146698
73	0.005612972658127546	0.007824966683983803	143.2017421722412
74	0.005555520299822092	0.007791183888912201	145.1626958847046
75	0.00549470167607069	0.007727751974016428	147.12960529327393
76	0.005413250997662544	0.0075492095202207565	149.09033155441284
77	0.0053499373607337475	0.007493199314922094	151.05580735206604
78	0.005261077545583248	0.007331325206905603	153.01201844215393
79	0.0051794578321278095	0.007273706141859293	154.9606306552887
80	0.005149094853550196	0.007159602828323841	156.9199492931366
81	0.005108510609716177	0.007151697296649218	158.87578797340393
82	0.005022148136049509	0.007023669313639402	160.83545875549316
83	0.004937835969030857	0.0069109778851270676	162.80550909042358
84	0.004911300726234913	0.006830155849456787	164.75627779960632
85	0.004898606333881617	0.006861530244350433	166.74086666107178
86	0.004824845120310783	0.006750267930328846	168.70316457748413
87	0.004728744272142649	0.006629857700318098	170.66373944282532
88	0.004703403450548649	0.006578999105840921	172.61954402923584
89	0.004637306090444326	0.006491972133517265	174.58184218406677
90	0.0046183704398572445	0.00648934580385685	176.53882789611816
91	0.004539537709206343	0.006355890538543463	178.5254099369049
92	0.004510330036282539	0.006284984294325113	180.4862756729126
93	0.004442433826625347	0.006208130624145269	182.44951939582825
94	0.0044184522703289986	0.006232274696230888	184.40364170074463
95	0.004336971323937178	0.006068066228181124	186.35943245887756
96	0.004272670950740576	0.005936576519161463	188.3239142894745
97	0.004251111764460802	0.005934547632932663	190.30610728263855
98	0.004227090161293745	0.005884598009288311	192.26150679588318
99	0.004199758172035217	0.005883251316845417	194.22904801368713
100	0.004202032927423716	0.005888307001441717	196.18504357337952
